  1        1  (20)      1 :  0.0527 0.9473 
  2        2   (0)      1 :  0.9803 0.0197 
  3        3   (0)      1 :  0.9833 0.0167 
  4        4   (0)      1 :  0.0183 0.9817 
  5        5   (0)      1 :  0.9717 0.0283 
  6        6  (20)      1 :  0.9713 0.0287 
  7        7   (0)      1 :  0.9850 0.0150 
  8        8   (0)      1 :  0.0267 0.9733 
  9        9   (0)      1 :  0.8747 0.1253 
 10       10   (0)      1 :  0.9830 0.0170 
 11       11  (30)      1 :  0.0150 0.9850 
 12       12   (0)      1 :  0.9873 0.0127 
 13       13   (0)      1 :  0.9900 0.0100 
 14       14   (0)      1 :  0.0070 0.9930 
 15       15   (0)      1 :  0.0177 0.9823 
 16       16   (0)      1 :  0.0097 0.9903 
 17       17   (0)      1 :  0.9627 0.0373 
 18       18   (0)      1 :  0.0337 0.9663 
 19       19   (0)      1 :  0.9860 0.0140 
 20       20   (0)      1 :  0.0090 0.9910 
 21       21   (0)      1 :  0.7950 0.2050 
 22       22   (0)      1 :  0.0067 0.9933 
 23       23   (0)      1 :  0.0293 0.9707 
 24       24   (0)      1 :  0.9787 0.0213 
 25       25   (0)      1 :  0.0117 0.9883 
 26       26   (0)      1 :  0.0307 0.9693 
 27       27  (10)      1 :  0.0193 0.9807 
 28       28   (0)      1 :  0.0103 0.9897 
 29       29   (0)      1 :  0.0257 0.9743 
 30       30   (0)      1 :  0.9780 0.0220 
 31       31   (0)      1 :  0.0070 0.9930 
 32       32   (0)      1 :  0.0157 0.9843 
 33       33   (0)      1 :  0.0480 0.9520 
 34       34   (0)      1 :  0.0757 0.9243 
 35       35   (0)      1 :  0.9457 0.0543 
 36       36   (0)      1 :  0.0387 0.9613 
 37       37   (0)      1 :  0.0470 0.9530 
 38       38   (0)      1 :  0.0083 0.9917 
 39       39   (0)      1 :  0.0070 0.9930 
 40       40   (0)      1 :  0.0117 0.9883 
 41       41   (0)      1 :  0.0087 0.9913 
 42       42   (0)      1 :  0.0103 0.9897 
 43       43   (0)      1 :  0.0810 0.9190 
 44       44   (0)      1 :  0.9930 0.0070 
 45       45   (0)      1 :  0.9543 0.0457 
 46       46   (0)      1 :  0.0087 0.9913 
 47       47   (0)      1 :  0.0157 0.9843 
 48       48   (0)      1 :  0.0090 0.9910 
 49       49   (0)      1 :  0.0073 0.9927 
 50       50  (20)      1 :  0.0457 0.9543 
 51       51   (0)      1 :  0.9843 0.0157 
 52       52   (0)      1 :  0.0300 0.9700 
 53       53   (0)      1 :  0.0180 0.9820 
 54       54   (0)      1 :  0.9843 0.0157 
 55       55   (0)      1 :  0.0110 0.9890 
 56       56   (0)      1 :  0.0197 0.9803 
 57       57   (0)      1 :  0.0193 0.9807 
 58       58   (0)      1 :  0.9177 0.0823 
 59       59   (0)      1 :  0.1103 0.8897 
 60       60   (0)      1 :  0.9507 0.0493 
 61       61   (0)      1 :  0.9900 0.0100 
 62       62   (0)      1 :  0.9863 0.0137 
 63       63   (0)      1 :  0.0127 0.9873 
 64       64   (0)      1 :  0.0113 0.9887 
 65       65   (0)      1 :  0.0827 0.9173 
 66       66   (0)      1 :  0.0107 0.9893 
 67       67   (0)      1 :  0.9853 0.0147 
 68       68   (0)      1 :  0.9857 0.0143 
 69       69   (0)      1 :  0.0107 0.9893 
 70       70   (0)      1 :  0.9820 0.0180 
 71       71   (0)      1 :  0.0147 0.9853 
 72       72   (0)      1 :  0.9920 0.0080 
 73       73   (0)      1 :  0.9890 0.0110 
 74       74   (0)      1 :  0.9910 0.0090 
 75       75   (0)      1 :  0.9917 0.0083 
 76       76   (0)      1 :  0.9933 0.0067 
 77       77   (0)      1 :  0.0217 0.9783 
 78       78   (0)      1 :  0.9820 0.0180 
 79       79   (0)      1 :  0.9877 0.0123 
 80       80   (0)      1 :  0.9920 0.0080 
 81       81   (0)      1 :  0.9697 0.0303 
 82       82   (0)      1 :  0.9897 0.0103 
 83       83   (0)      1 :  0.9823 0.0177 
 84       84   (0)      1 :  0.9917 0.0083 
 85       85   (0)      1 :  0.9880 0.0120 
 86       86   (0)      1 :  0.9923 0.0077 
 87       87   (0)      1 :  0.9783 0.0217 
 88       88   (0)      1 :  0.9853 0.0147 
 89       89   (0)      1 :  0.9853 0.0147 
 90       90   (0)      1 :  0.9633 0.0367 
 91       91   (0)      1 :  0.0193 0.9807 
 92       92   (0)      1 :  0.0290 0.9710 
 93       93   (0)      1 :  0.9813 0.0187 
 94       94   (0)      1 :  0.9707 0.0293 
 95       95   (0)      1 :  0.0383 0.9617 
 96       96   (0)      1 :  0.9890 0.0110 
 97       97  (10)      1 :  0.6637 0.3363 
 98       98   (0)      1 :  0.9853 0.0147 
 99       99   (0)      1 :  0.9873 0.0127 
100      100   (0)      1 :  0.9860 0.0140 
101      101   (0)      1 :  0.9897 0.0103 
102      102   (0)      1 :  0.9403 0.0597 
103      103   (0)      1 :  0.8223 0.1777 
104      104   (0)      1 :  0.9847 0.0153 
105      105   (0)      1 :  0.0323 0.9677 
106      106   (0)      1 :  0.0470 0.9530 
107      107   (0)      1 :  0.0227 0.9773 
108      108   (0)      1 :  0.0143 0.9857 
109      109   (0)      1 :  0.0683 0.9317 
110      110  (30)      1 :  0.7887 0.2113 
111      111   (0)      1 :  0.0140 0.9860 
112      112   (0)      1 :  0.0110 0.9890 
113      113   (0)      1 :  0.0130 0.9870 
114      114   (0)      1 :  0.0083 0.9917 
115      115   (0)      1 :  0.0273 0.9727 
116      116   (0)      1 :  0.9910 0.0090 
117      117   (0)      1 :  0.9907 0.0093 
118      118   (0)      1 :  0.9770 0.0230 
119      119   (0)      1 :  0.0160 0.9840 
120      120   (0)      1 :  0.0267 0.9733 
121      121   (0)      1 :  0.0540 0.9460 
122      122   (0)      1 :  0.0450 0.9550 
123      123   (0)      1 :  0.0087 0.9913 
124      124   (0)      1 :  0.9837 0.0163 
125      125   (0)      1 :  0.0443 0.9557 
126      126   (0)      1 :  0.0083 0.9917 
127      127   (0)      1 :  0.9820 0.0180 
128      128   (0)      1 :  0.9797 0.0203 
129      129   (0)      1 :  0.3770 0.6230 
130      130   (0)      1 :  0.9800 0.0200 
131      131   (0)      1 :  0.0077 0.9923 
132      132   (0)      1 :  0.9713 0.0287 
133      133   (0)      1 :  0.9933 0.0067 
134      134   (0)      1 :  0.0673 0.9327 
135      135   (0)      1 :  0.0450 0.9550 
136      136   (0)      1 :  0.0307 0.9693 
137      137   (0)      1 :  0.9940 0.0060 
138      138   (0)      1 :  0.9717 0.0283 
139      139   (0)      1 :  0.9617 0.0383 
140      140   (0)      1 :  0.0200 0.9800 
141      141   (0)      1 :  0.9863 0.0137 
142      142   (0)      1 :  0.0377 0.9623 
143      143   (0)      1 :  0.0123 0.9877 
144      144   (0)      1 :  0.0190 0.9810 
145      145   (0)      1 :  0.9483 0.0517 
146      146   (0)      1 :  0.1270 0.8730 
147      147   (0)      1 :  0.9940 0.0060 
148      148   (0)      1 :  0.0217 0.9783 
149      149   (0)      1 :  0.0167 0.9833 
150      150   (0)      1 :  0.9387 0.0613 
151      151   (0)      1 :  0.0110 0.9890 
152      152   (0)      1 :  0.0357 0.9643 
153      153   (0)      1 :  0.9460 0.0540 
154      154   (0)      1 :  0.9693 0.0307 
155      155   (0)      1 :  0.9840 0.0160 
156      156   (0)      1 :  0.9770 0.0230 
157      157   (0)      1 :  0.0410 0.9590 
158      158   (0)      1 :  0.9860 0.0140 
159      159   (0)      1 :  0.0127 0.9873 
160      160   (0)      1 :  0.1187 0.8813 
161      161   (0)      1 :  0.0340 0.9660 
162      162   (0)      1 :  0.0427 0.9573 
163      163   (0)      1 :  0.0207 0.9793 
164      164   (0)      1 :  0.9850 0.0150 
165      165   (0)      1 :  0.9907 0.0093 
166      166   (0)      1 :  0.9880 0.0120 
167      167   (0)      1 :  0.0457 0.9543 
168      168   (0)      1 :  0.9760 0.0240 
169      169   (0)      1 :  0.9757 0.0243 
170      170   (0)      1 :  0.9833 0.0167 
171      171   (0)      1 :  0.0583 0.9417 
172      172   (0)      1 :  0.0403 0.9597 
173      173   (0)      1 :  0.9683 0.0317 
174      174   (0)      1 :  0.0340 0.9660 
175      175   (0)      1 :  0.9847 0.0153 
176      176   (0)      1 :  0.0687 0.9313 
177      177   (0)      1 :  0.0063 0.9937 
178      178   (0)      1 :  0.0263 0.9737 
179      179   (0)      1 :  0.9707 0.0293 
180      180   (0)      1 :  0.9900 0.0100 
181      181   (0)      1 :  0.9880 0.0120 
182      182   (0)      1 :  0.9810 0.0190 
183      183   (0)      1 :  0.9713 0.0287 
184      184   (0)      1 :  0.0200 0.9800 
185      185   (0)      1 :  0.0170 0.9830 
186      186   (0)      1 :  0.0767 0.9233 
187      187   (0)      1 :  0.0103 0.9897 
188      188   (0)      1 :  0.0283 0.9717 
189      189   (0)      1 :  0.0070 0.9930 
190      190   (0)      1 :  0.0173 0.9827 
191      191   (0)      1 :  0.0073 0.9927 
192      192   (0)      1 :  0.9860 0.0140 
193      193   (0)      1 :  0.0083 0.9917 
194      194   (0)      1 :  0.0150 0.9850 
195      195   (0)      1 :  0.0063 0.9937 
196      196   (0)      1 :  0.9700 0.0300 
197      197   (0)      1 :  0.0110 0.9890 
198      198   (0)      1 :  0.0127 0.9873 
199      199   (0)      1 :  0.0090 0.9910 
200      200   (0)      1 :  0.0083 0.9917 
201      201   (0)      1 :  0.0873 0.9127 
202      202   (0)      1 :  0.0133 0.9867 
203      203   (0)      1 :  0.0120 0.9880 
204      204   (0)      1 :  0.9890 0.0110 
205      205   (0)      1 :  0.0097 0.9903 
206      206   (0)      1 :  0.0087 0.9913 
207      207   (0)      1 :  0.9700 0.0300 
208      208   (0)      1 :  0.0090 0.9910 
209      209  (60)      1 :  0.0140 0.9860 
210      210   (0)      1 :  0.9770 0.0230 
211      211   (0)      1 :  0.0070 0.9930 
212      212   (0)      1 :  0.0117 0.9883 
213      213   (0)      1 :  0.0130 0.9870 
214      214   (0)      1 :  0.0087 0.9913 
215      215   (0)      1 :  0.9787 0.0213 
216      216   (0)      1 :  0.0077 0.9923 
217      217   (0)      1 :  0.0107 0.9893 
218      218   (0)      1 :  0.9877 0.0123 
219      219   (0)      1 :  0.9870 0.0130 
220      220   (0)      1 :  0.1003 0.8997 
221      221   (0)      1 :  0.0150 0.9850 
222      222   (0)      1 :  0.0173 0.9827 
223      223   (0)      1 :  0.0117 0.9883 
224      224   (0)      1 :  0.9690 0.0310 
225      225   (0)      1 :  0.9827 0.0173 
226      226   (0)      1 :  0.9623 0.0377 
227      227   (0)      1 :  0.9853 0.0147 
228      228   (0)      1 :  0.9887 0.0113 
229      229   (0)      1 :  0.0280 0.9720 
230      230   (0)      1 :  0.9867 0.0133 
231      231   (0)      1 :  0.0253 0.9747 
232      232   (0)      1 :  0.0227 0.9773 
233      233   (0)      1 :  0.9853 0.0147 
234      234   (0)      1 :  0.9847 0.0153 
235      235   (0)      1 :  0.9710 0.0290 
236      236   (0)      1 :  0.9877 0.0123 
237      237  (10)      1 :  0.0463 0.9537 
238      238  (30)      1 :  0.9887 0.0113 
239      239   (0)      1 :  0.9920 0.0080 
240      240   (0)      1 :  0.0127 0.9873 
241      241   (0)      1 :  0.0093 0.9907 
242      242   (0)      1 :  0.0193 0.9807 
243      243   (0)      1 :  0.0220 0.9780 
244      244   (0)      1 :  0.9697 0.0303 
245      245   (0)      1 :  0.9783 0.0217 
246      246   (0)      1 :  0.0167 0.9833 
247      247   (0)      1 :  0.9287 0.0713 
248      248   (0)      1 :  0.9737 0.0263 
249      249   (0)      1 :  0.9793 0.0207 
250      250   (0)      1 :  0.9683 0.0317 
251      251   (0)      1 :  0.0233 0.9767 
252      252   (0)      1 :  0.9810 0.0190 
253      253   (0)      1 :  0.9773 0.0227 
254      254   (0)      1 :  0.9787 0.0213 
255      255   (0)      1 :  0.8427 0.1573 
256      256   (0)      1 :  0.9877 0.0123 
257      257   (0)      1 :  0.0243 0.9757 
258      258   (0)      1 :  0.0683 0.9317 
259      259   (0)      1 :  0.0430 0.9570 
260      260   (0)      1 :  0.9933 0.0067 
261      261   (0)      1 :  0.9723 0.0277 
262      262   (0)      1 :  0.9657 0.0343 
263      263   (0)      1 :  0.9550 0.0450 
264      264   (0)      1 :  0.9863 0.0137 
265      265   (0)      1 :  0.9867 0.0133 
266      266  (50)      1 :  0.3657 0.6343 
267      267   (0)      1 :  0.9813 0.0187 
268      268   (0)      1 :  0.0237 0.9763 
269      269   (0)      1 :  0.9800 0.0200 
270      270   (0)      1 :  0.9870 0.0130 
271      271   (0)      1 :  0.9860 0.0140 
272      272   (0)      1 :  0.9787 0.0213 
273      273   (0)      1 :  0.0433 0.9567 
274      274   (0)      1 :  0.8360 0.1640 
275      275   (0)      1 :  0.9657 0.0343 
276      276   (0)      1 :  0.9600 0.0400 
277      277   (0)      1 :  0.9793 0.0207 
278      278   (0)      1 :  0.9840 0.0160 
279      279   (0)      1 :  0.0073 0.9927 
